image: /home/robot/weifang2.pgm
resolution: 0.050000
origin: [-11.519668, -12.581544, 0.0]
negate: 0
occupied_thresh: 0.65
free_thresh: 0.196
